0 0.37890625 0.384375 0.11796875 0.1078125
0 0.13984375 0.87890625 0.11953125 0.11484375
0 0.61953125 0.878125 0.1125 0.1078125
0 0.86015625 0.878125 0.11953125 0.11328125
2 0.61796875 0.25703125 0.12109375 0.11640625
2 0.14375 0.746875 0.12109375 0.10625
2 0.38125 0.75234375 0.12890625 0.11953125
2 0.86015625 0.75 0.14375 0.11796875
1 0.8609375 0.12421875 0.13359375 0.12421875
1 0.14296875 0.61875 0.11953125 0.1109375
1 0.38125 0.615625 0.12265625 0.12265625
1 0.6234375 0.62109375 0.11640625 0.11796875