1 0.065625 0.16953125 0.13125 0.3015625
0 0.19375 0.1609375 0.153125 0.296875
1 0.75546875 0.15546875 0.1421875 0.3109375
2 0.77265625 0.4703125 0.13125 0.31875
1 0.353125 0.51484375 0.1484375 0.3765625
2 0.5 0.49296875 0.1484375 0.3546875
0 0.6375 0.484375 0.1421875 0.3234375
2 0.14765625 0.86875 0.1203125 0.2625
1 0.253125 0.865625 0.103125 0.26875
0 0.3625 0.87109375 0.1125 0.2578125
2 0.47265625 0.86796875 0.0953125 0.2015625
0 0.5703125 0.85625 0.0921875 0.21875
1 0.67109375 0.86171875 0.1 0.2234375