1 0.07109375 0.146875 0.1421875 0.29375
0 0.21171875 0.1453125 0.13828125 0.28984375
1 0.77421875 0.16328125 0.125 0.3171875
2 0.77421875 0.484375 0.11640625 0.3125
1 0.35234375 0.50703125 0.1296875 0.3703125
2 0.5 0.49296875 0.1296875 0.3484375
0 0.63828125 0.49140625 0.125 0.3171875
2 0.1296875 0.85234375 0.10703125 0.26328125
1 0.234375 0.85703125 0.0890625 0.27265625
0 0.34375 0.86796875 0.0984375 0.26328125
2 0.453125 0.86640625 0.08515625 0.19609375
0 0.5515625 0.859375 0.08046875 0.2140625
1 0.6515625 0.8703125 0.0890625 0.21875