1 0.83828125 0.06796875 0.2984375 0.1359375
0 0.84453125 0.19921875 0.2953125 0.146875
1 0.8421875 0.76171875 0.315625 0.1359375
2 0.525 0.7734375 0.315625 0.1265625
1 0.4875 0.35234375 0.375 0.1421875
2 0.50703125 0.5 0.353125 0.1421875
0 0.51328125 0.63828125 0.321875 0.1359375
2 0.13515625 0.1421875 0.265625 0.115625
1 0.13515625 0.24609375 0.2703125 0.0984375
0 0.1296875 0.35703125 0.259375 0.1078125
2 0.13203125 0.465625 0.2 0.090625
0 0.14296875 0.5640625 0.2171875 0.0890625
1 0.13515625 0.6640625 0.221875 0.096875